1642661138.936530 -0.00912733 0.00803793 0.000947163 -0.00569937 -0.00131233 0.014422 0.999879
1642661138.939863 -0.0100134 0.00913408 0.0230079 -0.00587666 -0.00530296 0.0310112 0.999488
1642661138.943197 -0.0106009 0.0131664 -0.0135224 -0.00997545 -0.00759022 0.0154783 0.999802
1642661138.946530 -0.0072729 0.0147987 -0.0236505 -0.0110329 -0.0045619 0.0473109 0.998809
1642661138.949863 -0.00680174 0.0144662 -0.0297577 -0.0152409 -0.00420497 0.0333151 0.99932
1642661138.953197 -0.00657059 0.00674646 -0.0443659 -0.0162151 -0.0021928 0.0369702 0.999182
1642661138.956530 -0.00746768 0.00246416 0.0125967 -0.015012 -0.00417039 0.0485828 0.998698
1642661138.959863 -0.0052798 -0.00207804 -0.0460244 -0.0170588 -0.00435361 0.0422381 0.998952
1642661138.963197 -0.00345106 -0.00233857 -0.00518881 -0.0156708 -0.00453971 0.0434786 0.998921
1642661138.966530 -0.0176646 -0.00354392 0.00214767 -0.0182983 -0.0118206 0.0501975 0.998502
1642661138.969863 -0.0209446 -0.0123692 0.0165528 -0.0140111 -0.0127732 0.0399557 0.999022
1642661138.973197 -0.0192978 -0.0115827 0.0194394 -0.0130786 -0.015629 0.0363161 0.999133
1642661138.976530 -0.0251314 -0.0252718 -0.0255471 -0.00623982 -0.0171507 0.0236173 0.999554
1642661138.979863 -0.0194507 -0.0204388 -0.0394708 -0.0102971 -0.0126875 0.0180565 0.999703
1642661138.983197 -0.0200755 -0.0217623 -0.0740995 -0.0128304 -0.0118603 -0.00685894 0.999824
1642661138.986530 -0.0243579 -0.0284304 -0.0423031 -0.0116849 -0.0113356 -0.0216881 0.999632
1642661138.989863 -0.0265742 -0.0242549 -0.0252653 -0.01653 -0.0119849 -0.00739049 0.999764
1642661138.993197 -0.0213122 -0.0351848 -0.083457 -0.0130233 -0.00943528 -0.00362273 0.999864
1642661138.996530 -0.0209515 -0.0438669 -0.0909602 -0.00985137 -0.00355695 0.0151074 0.999831
1642661138.999863 -0.0074004 -0.0513904 -0.125693 -0.00868471 -0.00170863 0.0338646 0.999387
1642661139.003197 -0.0108127 -0.0559606 -0.152482 -0.00818799 -0.0059529 0.0166812 0.99981
1642661139.006530 -0.0110877 -0.0605209 -0.147356 -0.00706705 -0.00647594 0.000955477 0.999954
1642661139.009863 -0.0118678 -0.0631276 -0.187868 0.00170839 -0.00499183 -0.0213807 0.999757
1642661139.013197 -0.0194723 -0.0567895 -0.183387 0.00227329 -0.00493923 -0.0276033 0.999604
1642661139.016530 -0.0171133 -0.0577198 -0.195814 0.00400292 -0.00278965 -0.0220207 0.999746
1642661139.019863 -0.0298094 -0.0553285 -0.183212 0.00445818 -0.00265438 -0.0355142 0.999356
1642661139.023197 -0.0282225 -0.0558033 -0.193779 0.00401702 0.00040477 -0.0201229 0.999789
1642661139.026530 -0.0212009 -0.0468392 -0.167173 -0.00051071 0.00290215 0.00036811 0.999996
1642661139.029863 -0.0217573 -0.0511989 -0.199346 0.00269536 0.00196543 -0.0136578 0.999901
1642661139.033197 -0.0202473 -0.0452416 -0.181428 0.00333073 -7.35215e-05 -0.0129863 0.99991
1642661139.036530 -0.0201959 -0.042182 -0.213024 0.00620312 0.000761621 -0.00896781 0.99994
1642661139.039863 -0.0250834 -0.0450208 -0.234076 0.0101221 0.00118273 -0.0303922 0.999486
1642661139.043197 -0.0296124 -0.0457487 -0.220271 0.0103429 0.00360853 -0.0297482 0.999497
1642661139.046530 -0.0336719 -0.0428476 -0.196684 0.00929849 0.00296088 -0.0301928 0.999496
1642661139.049863 -0.0349264 -0.0398876 -0.201588 0.00895714 0.00561009 -0.020372 0.999737
1642661139.053197 -0.0406165 -0.0452749 -0.221063 0.0110026 0.0051076 -0.0361721 0.999272
1642661139.056530 -0.0404422 -0.0454935 -0.217504 0.00930539 0.0076695 -0.0301857 0.999472
1642661139.059863 -0.0410106 -0.0376013 -0.193578 0.00723706 0.00843238 -0.0231812 0.99967
1642661139.063197 -0.0417734 -0.031775 -0.195258 0.0091501 0.00849496 -0.0165215 0.999786
1642661139.066530 -0.0462388 -0.0323425 -0.185293 0.0130736 0.00843291 -0.0239492 0.999592
1642661139.069863 -0.0477848 -0.0311613 -0.190277 0.0120907 0.00838604 -0.0305786 0.999424
1642661139.073197 -0.0487368 -0.0307091 -0.194807 0.0133829 0.0118532 -0.0277757 0.999454
1642661139.076530 -0.0482337 -0.0281125 -0.196412 0.0134816 0.012649 -0.0229783 0.999565
1642661139.079863 -0.0515342 -0.0251113 -0.202366 0.0120934 0.0115991 -0.0232048 0.99959
1642661139.083197 -0.049442 -0.0256335 -0.202756 0.0134296 0.0126133 -0.0201885 0.999626
1642661139.086530 -0.0493186 -0.0208059 -0.191639 0.0180202 0.0137064 -0.0231954 0.999475
1642661139.089863 -0.0504164 -0.0185464 -0.189973 0.0171055 0.0143634 -0.0242695 0.999456
1642661139.093197 -0.0541637 -0.0144703 -0.196799 0.0166583 0.0134983 -0.0233761 0.999497
1642661139.096530 -0.0546785 -0.0171389 -0.203061 0.020287 0.0141171 -0.0324666 0.999167
1642661139.099863 -0.057217 -0.0153256 -0.186168 0.0215771 0.0166738 -0.0297289 0.999186
1642661139.103197 -0.0616085 -0.00520802 -0.178291 0.0180278 0.0147683 -0.0181714 0.999563
1642661139.106530 -0.0597598 -0.00482188 -0.169881 0.0214699 0.0188417 -0.0220512 0.999349
1642661139.109863 -0.0614626 -0.0034665 -0.179744 0.0227827 0.0183759 -0.0244997 0.999271
1642661139.113197 -0.0610517 -0.00630726 -0.181497 0.0239975 0.0200649 -0.0213639 0.999282
1642661139.116530 -0.0664811 -0.00396219 -0.194576 0.0246293 0.0218089 -0.0282861 0.999058
1642661139.119863 -0.0682912 -0.00416686 -0.199317 0.0270339 0.0212908 -0.0332298 0.998855
1642661139.123197 -0.0747556 -0.00591869 -0.203986 0.0259233 0.0221631 -0.0353594 0.998793
1642661139.126530 -0.0718672 -0.00382243 -0.18171 0.0217683 0.0246202 -0.0200203 0.999259
1642661139.129863 -0.0731719 -0.00492985 -0.196825 0.0213973 0.0274482 -0.012793 0.999312
